WAYPOINT_HOME_SRC_LAT=47.28924920038468
WAYPOINT_HOME_SRC_LONG=-1.5238583838444812
WAYPOINT_HOME_DEST_LAT=47.381717002605534
WAYPOINT_HOME_DEST_LONG=0.6817963842370788